46 1
142 1
107 1
54 1
173 1
316 1
282 1
205 1
140 1
115 1
241 1
185 1
78 1
154 1
86 1
284 1
313 1
8 1
315 1
162 1
22 1
328 1
62 1
309 1
236 1
104 1
276 1
193 1
220 1
383 2
238 3
251 3
116 3
17 3
209 3
164 3
230 3
114 3
53 3
379 3
132 3
99 3
57 3
171 3
270 3
197 3
194 3
13 3
118 3
137 3
188 3
355 3
354 3
69 3
285 3
327 3
357 3
40 3
85 3
138 3
239 4
19 4
179 4
319 4
229 4
348 4
3 4
168 4
80 4
232 4
134 4
136 4
117 4
381 4
353 4
187 4
362 4
105 4
235 4
246 5
310 5
56 5
1 5
290 5
102 5
44 5
174 5
312 5
163 5
216 5
208 5
195 5
68 5
34 6
165 6
150 6
218 6
344 6
43 6
318 6
341 6
212 6
92 6
133 6
141 6
2 6
76 6
12 6
119 6
87 6
58 6
37 7
373 7
277 7
275 7
281 7
97 7
350 7
340 7
83 7
169 7
4 7
123 7
325 7
224 7
186 7
382 7
180 7
361 7
24 7
368 8
369 8
366 8
364 8
378 8
377 8
176 8
367 8
365 8
380 8
42 9
38 9
196 9
201 9
189 9
127 9
167 9
11 9
210 9
28 9
156 9
299 10
55 10
73 10
178 10
41 10
144 10
106 10
331 10
175 10
211 10
256 10
64 10
334 10
347 11
159 11
47 11
339 11
324 11
244 11
269 11
358 11
7 11
27 11
111 11
135 11
147 11
297 12
130 12
49 12
146 12
161 12
96 12
112 12
139 12
346 12
160 12
375 13
240 13
243 13
148 13
39 13
363 13
63 13
21 13
253 13
129 13
31 13
301 13
9 13
283 13
100 13
155 13
306 13
192 13
265 13
74 14
250 14
329 14
234 14
351 14
326 14
385 14
6 14
221 14
66 14
274 14
261 14
152 14
305 14
91 14
183 14
360 14
280 14
384 14
124 14
333 15
149 15
198 15
352 15
263 15
336 15
302 15
317 15
50 15
113 15
266 15
286 15
121 16
166 16
320 16
75 16
245 16
231 16
207 16
158 16
90 16
184 16
108 16
291 16
359 16
219 17
45 17
214 17
342 17
122 17
226 17
59 17
81 17
26 17
345 17
157 17
14 17
52 17
70 18
252 18
267 18
16 18
262 18
289 18
190 18
98 18
67 18
225 18
338 18
84 18
170 18
29 19
279 19
242 19
110 19
292 19
33 19
94 19
71 19
172 19
248 19
257 19
294 20
308 20
191 20
264 20
125 20
322 20
177 20
20 20
296 21
206 21
145 21
273 21
227 21
65 21
182 21
95 21
311 21
349 21
300 22
120 22
203 22
228 22
101 22
181 22
36 22
77 23
233 23
295 23
343 23
268 23
82 23
60 23
213 23
376 23
288 23
103 23
307 23
258 23
109 23
298 24
370 24
278 24
202 24
25 24
143 24
5 24
128 24
254 24
272 24
200 24
335 24
259 24
332 24
249 25
304 25
35 25
323 25
237 25
30 25
215 26
61 26
255 26
260 26
32 26
337 26
330 27
247 27
126 27
356 27
287 27
51 27
222 27
10 27
72 28
48 28
15 28
151 28
79 28
23 28
293 29
199 29
93 29
88 29
223 29
131 29
18 30
204 30
321 30
271 30
314 31
372 32
374 32
371 32
89 33
153 33
217 34
303 34